20798156000.0
20802881000.0
20807607000.0
20812334000.0
20817063000.0
20821793000.0
20826523000.0
20831255000.0
20835988000.0
20840722000.0
20845458000.0
20850193000.0
20854930000.0
20859668000.0
20864408000.0
20869148000.0
20873890000.0
20878632000.0
20883375000.0
20888120000.0
20892866000.0
20897612000.0
20902361000.0
20907110000.0
20911860000.0
20916611000.0
20954659000.0
20992776000.0
21030964000.0
21069220000.0
21107545000.0
21145940000.0
21184406000.0
21222941000.0
21261547000.0
21300222000.0
21338969000.0
21377786000.0
21416672000.0
21455629000.0
21494658000.0
21533757000.0
21572928000.0
21612170000.0
21651484000.0
21690868000.0
21730325000.0
22048573000.0
22371479000.0
22699117000.0
23031552000.0
23368857000.0
23711100000.0
24058357000.0
24410700000.0
24768201000.0
25130938000.0
25498988000.0
25872428000.0
26251339000.0
26635796000.0
27025888000.0
27421688000.0
27823288000.0
28230767000.0
28644215000.0
29063719000.0
29489366000.0
33126796000.0
37212891000.0
41802996000.0
46959276000.0
52751569000.0
59258324000.0
66567670000.0
74778602000.0
84002329000.0
94363777000.0
1.0600328e+11
1.1907848e+11
1.3376647e+11
1.5026619e+11
1.6880109e+11
1.8962223e+11
2.1301159e+11
2.3928596e+11
2.688012e+11
3.0195706e+11
3.3920261e+11
3.8104228e+11
4.2804276e+11
4.8084062e+11
5.4015094e+11
6.0677701e+11
6.8162123e+11
7.6569726e+11
8.6014384e+11
9.6624013e+11
1.0854231e+12
1.2193069e+12
1.369705e+12
1.5386542e+12
1.7284428e+12
1.9416413e+12
2.1811372e+12
2.4501743e+12
2.7523963e+12
3.0918965e+12
3.4732731e+12
3.9016915e+12
4.382954e+12
4.9235789e+12
5.5308883e+12
6.2131076e+12
6.9794767e+12
7.8403753e+12
8.8074632e+12
9.8938387e+12
1.1114215e+13
1.2485122e+13
1.4025127e+13
1.5755086e+13
1.7698431e+13
1.9881482e+13
2.2333806e+13
2.5088617e+13
2.8183227e+13
3.1659547e+13
3.5564662e+13
3.9951462e+13
4.4879361e+13
