  0.15707969999999999     
  0.24845136000000001     
  0.33982303000000003     
  0.43119469999999999     
  0.52256636999999995     
  0.61393803000000002     
  0.70530970000000004     
  0.79668137000000006     
  0.88805303999999996     
  0.97942470000000004     
   1.0707964000000001     
   1.0779905999999999     
   1.0851849000000000     
   1.0923791000000000     
   1.0995733000000001     
   1.1067676000000000     
   1.1139618000000000     
   1.1211561000000001     
   1.1283502999999999     
   1.1355446000000000     
   1.1427388000000001     
   1.1499330999999999     
   1.1571273000000000     
   1.1643216000000001     
   1.1715158000000001     
   1.1787099999999999     
   1.1859043000000000     
   1.1930985000000001     
   1.2002927999999999     
   1.2074870000000000     
   1.2146813000000001     
   1.2218754999999999     
   1.2290698000000000     
   1.2362640000000000     
   1.2434582000000001     
   1.2506524999999999     
   1.2578467000000000     
   1.2650410000000001     
   1.2722351999999999     
   1.2794295000000000     
   1.2866237000000000     
   1.2938179999999999     
   1.3010122000000000     
   1.3082064000000000     
   1.3154007000000001     
   1.3225948999999999     
   1.3297892000000000     
   1.3369834000000000     
   1.3441776999999999     
   1.3513719000000000     
   1.3585662000000001     
   1.3657604000000001     
   1.3729545999999999     
   1.3801489000000000     
   1.3873431000000001     
   1.3945373999999999     
   1.4017316000000000     
   1.4089259000000001     
   1.4161201000000001     
   1.4233144000000000     
   1.4305086000000000     
   1.4377028000000001     
   1.4448970999999999     
   1.4520913000000000     
   1.4592856000000001     
   1.4664797999999999     
   1.4736741000000000     
   1.4808683000000000     
   1.4880625999999999     
   1.4952567999999999     
   1.5024510000000000     
   1.5096453000000001     
   1.5168394999999999     
   1.5240338000000000     
   1.5312280000000000     
   1.5384222999999999     
   1.5456164999999999     
   1.5528108000000000     
   1.5600050000000001     
   1.5671991999999999     
