2.406378e+09
2.673442e+09
2.673754e+09
2.674066e+09
2.674378e+09
2.674690e+09
2.675002e+09
2.675315e+09
2.675627e+09
2.675939e+09
2.676252e+09
2.676564e+09
2.676877e+09
2.677189e+09
2.677502e+09
2.677814e+09
2.678127e+09
2.678439e+09
2.678752e+09
2.679064e+09
2.679377e+09
2.679690e+09
2.680003e+09
2.680316e+09
2.680628e+09
2.680941e+09
2.681254e+09
2.683759e+09
2.686266e+09
2.688776e+09
2.691288e+09
2.693802e+09
2.696319e+09
2.698838e+09
2.701359e+09
2.703882e+09
2.706408e+09
2.708937e+09
2.711468e+09
2.714001e+09
2.716536e+09
2.719074e+09
2.721614e+09
2.724157e+09
2.726702e+09
2.729249e+09
2.731798e+09
2.734351e+09
2.754853e+09
2.775510e+09
2.796321e+09
2.817288e+09
2.838412e+09
2.859696e+09
2.881138e+09
2.902741e+09
2.924506e+09
2.946435e+09
2.968528e+09
2.990786e+09
3.013212e+09
3.035805e+09
3.058568e+09
3.081502e+09
3.104607e+09
3.127886e+09
3.151340e+09
3.174969e+09
3.198775e+09
3.395767e+09
3.604889e+09
3.826890e+09
4.062563e+09
4.312750e+09
4.578343e+09
4.860293e+09
5.159606e+09
5.477352e+09
5.814666e+09
6.172752e+09
6.552891e+09
6.956440e+09
7.384842e+09
7.839625e+09
8.322415e+09
8.834938e+09
9.379023e+09
9.956615e+09
1.056978e+10
1.122070e+10
1.191171e+10
1.264527e+10
1.342401e+10
1.425070e+10
1.512831e+10
1.605996e+10
1.704899e+10
1.809892e+10
1.921352e+10
2.039675e+10
2.165285e+10
2.298630e+10
2.440188e+10
2.590463e+10
2.749992e+10
2.919346e+10
3.099129e+10
3.289984e+10
3.492592e+10
3.707678e+10
3.936009e+10
4.178402e+10
4.435722e+10
4.708888e+10
4.998878e+10
5.306725e+10
5.633531e+10
5.980463e+10
6.348760e+10
6.739738e+10
7.154794e+10
7.595410e+10
8.063161e+10
8.559718e+10
9.086854e+10
9.646453e+10
1.024051e+11
1.087116e+11
1.154064e+11
1.225135e+11
1.300583e+11
1.380678e+11
1.465704e+11
1.555967e+11
1.651789e+11
1.753512e+11
1.861499e+11
1.976136e+11
2.097833e+11
2.227025e+11
2.364173e+11
2.509766e+11
2.664326e+11
2.828404e+11
3.002587e+11
3.187496e+11
3.383793e+11
3.592179e+11
3.813397e+11
4.048239e+11
4.297543e+11
4.562200e+11
4.843156e+11
5.141414e+11
5.458039e+11
5.794164e+11
6.150988e+11
6.529786e+11
6.931912e+11
7.358803e+11
7.811983e+11
8.293071e+11
8.803786e+11
9.345953e+11
9.921508e+11
1.053251e+12
1.118114e+12
1.186971e+12
1.260068e+12
1.337668e+12
1.420046e+12
1.507497e+12
1.600334e+12
1.698888e+12
1.803511e+12
1.914577e+12
2.032483e+12
2.157650e+12
2.290526e+12
2.431584e+12
2.581329e+12
2.740296e+12
2.909053e+12
3.088202e+12
3.278384e+12
3.480278e+12
3.694605e+12
3.922131e+12
4.163669e+12
4.420082e+12
4.692285e+12
4.981252e+12
5.288014e+12
5.613668e+12
5.959376e+12
6.326375e+12
6.715974e+12
7.129566e+12
7.568629e+12
8.034731e+12
8.529537e+12
9.054814e+12
9.612440e+12
1.020441e+13
1.083283e+13
1.149995e+13
1.220816e+13
1.295998e+13
1.375809e+13
1.460536e+13
1.550481e+13
1.645965e+13
1.747329e+13
1.854935e+13
1.969169e+13
2.090437e+13
2.219173e+13
2.355837e+13
2.500917e+13
2.654932e+13
2.818432e+13
2.992000e+13
