1.570764e-01
2.008670e-01
2.446577e-01
2.884484e-01
3.322390e-01
3.760297e-01
4.198204e-01
4.636110e-01
5.074017e-01
5.511924e-01
5.949830e-01
6.387737e-01
6.825644e-01
7.263550e-01
7.701457e-01
8.139364e-01
8.577270e-01
9.015177e-01
9.453084e-01
9.890990e-01
1.032890e+00
1.076680e+00
1.120471e+00
1.164262e+00
1.208052e+00
1.251843e+00
1.295634e+00
1.339424e+00
1.383215e+00
1.427006e+00
1.470796e+00
1.471569e+00
1.472341e+00
1.473113e+00
1.473885e+00
1.474657e+00
1.475430e+00
1.476202e+00
1.476974e+00
1.477746e+00
1.478518e+00
1.479291e+00
1.480063e+00
1.480835e+00
1.481607e+00
1.482379e+00
1.483152e+00
1.483924e+00
1.484696e+00
1.485468e+00
1.486240e+00
1.487013e+00
1.487785e+00
1.488557e+00
1.489329e+00
1.490101e+00
1.490874e+00
1.491646e+00
1.492418e+00
1.493190e+00
1.493962e+00
1.494735e+00
1.495507e+00
1.496279e+00
1.497051e+00
1.497823e+00
1.498596e+00
1.499368e+00
1.500140e+00
1.500912e+00
1.501684e+00
1.502457e+00
1.503229e+00
1.504001e+00
1.504773e+00
1.505545e+00
1.506318e+00
1.507090e+00
1.507862e+00
1.508634e+00
1.509406e+00
1.510179e+00
1.510951e+00
1.511723e+00
1.512495e+00
1.513267e+00
1.514040e+00
1.514812e+00
1.515584e+00
1.516356e+00
1.517128e+00
1.517901e+00
1.518673e+00
1.519445e+00
1.520217e+00
1.520989e+00
1.521762e+00
1.522534e+00
1.523306e+00
1.524078e+00
1.524850e+00
1.525623e+00
1.526395e+00
1.527167e+00
1.527939e+00
1.528711e+00
1.529484e+00
1.530256e+00
1.531028e+00
1.531800e+00
1.532572e+00
1.533345e+00
1.534117e+00
1.534889e+00
1.535661e+00
1.536433e+00
1.537206e+00
1.537978e+00
1.538750e+00
1.539522e+00
1.540294e+00
1.541067e+00
1.541839e+00
1.542611e+00
1.543383e+00
1.544155e+00
1.544928e+00
1.545700e+00
1.546472e+00
1.547244e+00
1.548016e+00
1.548789e+00
1.549561e+00
1.550333e+00
1.551105e+00
1.551878e+00
1.552650e+00
1.553422e+00
1.554194e+00
1.554966e+00
1.555738e+00
1.556511e+00
1.557283e+00
1.558055e+00
1.558827e+00
1.559600e+00
1.560372e+00
1.561144e+00
1.561916e+00
1.562688e+00
1.563460e+00
1.564233e+00
1.565005e+00
1.565777e+00
1.566549e+00
1.567322e+00
1.568094e+00
1.568866e+00
1.569638e+00
1.570410e+00
