1.0240e+20   9.9998e-01   1.0460e-05
1.1170e+20   9.9998e-01   1.0270e-05
1.2180e+20   9.9998e-01   9.9090e-06
1.3480e+20   9.9998e-01   9.5540e-06
1.4640e+20   9.9998e-01   9.1860e-06
1.5810e+20   9.9998e-01   8.8790e-06
1.7420e+20   9.9998e-01   8.5560e-06
1.8990e+20   9.9998e-01   8.2530e-06
2.0940e+20   9.9998e-01   7.9690e-06
2.2830e+20   9.9998e-01   7.6800e-06
2.4660e+20   9.9999e-01   7.4430e-06
2.6640e+20   9.9999e-01   7.2820e-06
2.9350e+20   9.9999e-01   7.0560e-06
3.2010e+20   9.9999e-01   6.7700e-06
3.4580e+20   9.9999e-01   6.6170e-06
3.7360e+20   9.9999e-01   6.4700e-06
4.1060e+20   9.9999e-01   6.3090e-06
4.5330e+20   9.9999e-01   6.1830e-06
4.8970e+20   9.9999e-01   6.1830e-06
5.2900e+20   9.9999e-01   6.1830e-06
5.7710e+20   9.9999e-01   6.3470e-06
6.0780e+20   9.9999e-01   5.3940e-06
6.1180e+20   9.9999e-01   4.4000e-06
6.1970e+20   9.9999e-01   3.5880e-06
6.4440e+20   9.9999e-01   2.8890e-06
6.9530e+20   9.9999e-01   3.3310e-06
7.3050e+20   9.9999e-01   3.8620e-06
7.6690e+20   9.9999e-01   4.8140e-06
7.6970e+20   9.9999e-01   6.3210e-06
7.7000e+20   9.9999e-01   7.1145e-06
7.7055e+20   9.9998e-01   8.8406e-06
7.7110e+20   9.9998e-01   1.0985e-05
7.7165e+20   9.9997e-01   1.3650e-05
7.7220e+20   9.9997e-01   1.6962e-05
7.7276e+20   9.9996e-01   2.1077e-05
7.7331e+20   9.9995e-01   2.6191e-05
7.7386e+20   9.9993e-01   3.2545e-05
7.7441e+20   9.9992e-01   4.0441e-05
7.7496e+20   9.9990e-01   5.0252e-05
7.7551e+20   9.9988e-01   6.2444e-05
7.7606e+20   9.9984e-01   7.7593e-05
7.7661e+20   9.9981e-01   9.6418e-05
7.7716e+20   9.9976e-01   1.1981e-04
7.7771e+20   9.9970e-01   1.4888e-04
7.7827e+20   9.9963e-01   1.8499e-04
7.7882e+20   9.9954e-01   2.2988e-04
7.7937e+20   9.9943e-01   2.8565e-04
7.7992e+20   9.9929e-01   3.5495e-04
7.8047e+20   9.9912e-01   4.4106e-04
7.8102e+20   9.9890e-01   5.4806e-04
7.8157e+20   9.9864e-01   6.8103e-04
7.8212e+20   9.9831e-01   8.4625e-04
7.8267e+20   9.9790e-01   1.0516e-03
7.8322e+20   9.9739e-01   1.3067e-03
7.8378e+20   9.9675e-01   1.6237e-03
7.8433e+20   9.9596e-01   2.0176e-03
7.8488e+20   9.9499e-01   2.5071e-03
7.8543e+20   9.9377e-01   3.1153e-03
7.8598e+20   9.9226e-01   3.8711e-03
7.8653e+20   9.9038e-01   4.8103e-03
7.8708e+20   9.8805e-01   5.9773e-03
7.8763e+20   9.8515e-01   7.4275e-03
7.8818e+20   9.8154e-01   9.2294e-03
7.8873e+20   9.7706e-01   1.1469e-02
7.8929e+20   9.7150e-01   1.4251e-02
7.8984e+20   9.6458e-01   1.7708e-02
7.9039e+20   9.5599e-01   2.2005e-02
7.9094e+20   9.4531e-01   2.7343e-02
7.9149e+20   9.3205e-01   3.3977e-02
7.9204e+20   9.1556e-01   4.2220e-02
7.9259e+20   8.9508e-01   5.2462e-02
7.9314e+20   8.6962e-01   6.5190e-02
7.9369e+20   8.3799e-01   8.1006e-02
7.9424e+20   7.9868e-01   1.0066e-01
7.9480e+20   7.4984e-01   1.2508e-01
7.9535e+20   6.8915e-01   1.5542e-01
7.9590e+20   6.1374e-01   1.9313e-01
7.9645e+20   5.2003e-01   2.3999e-01
7.9700e+20   4.0358e-01   2.9821e-01
7.9910e+20   3.2000e-01   3.4000e-01
8.5890e+20   1.1900e-01   4.4050e-01
9.3730e+20   9.8000e-02   4.5100e-01
1.1360e+21   6.4000e-02   4.6800e-01
1.3190e+21   4.5000e-02   4.7750e-01
1.5570e+21   3.1000e-02   4.8450e-01
1.8710e+21   2.1000e-02   4.8950e-01
2.2290e+21   1.5000e-02   4.9250e-01
2.6500e+21   1.0000e-02   4.9500e-01
3.1730e+21   7.0000e-03   4.9650e-01
3.7590e+21   4.5000e-03   4.9750e-01
3.9410e+21   3.7000e-03   4.9800e-01
4.0680e+21   3.3000e-03   4.9830e-01
4.1060e+21   2.6000e-03   4.9870e-01
4.1440e+21   2.2000e-03   4.9900e-01
4.2850e+21   1.8000e-03   4.9920e-01
4.4170e+21   1.3000e-03   4.9940e-01
4.6960e+21   9.1400e-04   4.9954e-01
5.3340e+21   6.6850e-04   4.9967e-01
6.3330e+21   4.4750e-04   4.9978e-01
7.4150e+21   2.9330e-04   4.9985e-01
8.6750e+21   1.9510e-04   4.9990e-01
1.0140e+22   1.2740e-04   4.9994e-01
1.1810e+22   8.2180e-05   4.9996e-01
1.3820e+22   5.3470e-05   4.9997e-01
1.6100e+22   3.4880e-05   4.9998e-01
1.8620e+22   2.2400e-05   4.9999e-01
2.1440e+22   1.4430e-05   4.9999e-01
2.4930e+22   9.2790e-06   5.0000e-01
2.8750e+22   5.9910e-06   5.0000e-01
3.3400e+22   3.8060e-06   5.0000e-01
3.8310e+22   2.4350e-06   5.0000e-01
4.3970e+22   1.5350e-06   5.0000e-01
5.0130e+22   9.7120e-07   5.0000e-01
5.7770e+22   6.2090e-07   5.0000e-01
6.6220e+22   3.8250e-07   5.0000e-01
7.5320e+22   2.4110e-07   5.0000e-01
8.6240e+22   1.5110e-07   5.0000e-01
9.7900e+22   9.5490e-08   5.0000e-01
1.1140e+23   6.0330e-08   5.0000e-01
1.2570e+23   3.6610e-08   5.0000e-01
1.4220e+23   2.2610e-08   5.0000e-01
1.5960e+23   1.3840e-08   5.0000e-01
1.7970e+23   8.5820e-09   5.0000e-01
2.0370e+23   5.3330e-09   5.0000e-01
2.2630e+23   3.2680e-09   5.0000e-01
2.5130e+23   2.0290e-09   5.0000e-01
2.8390e+23   1.2080e-09   5.0000e-01
5.7000e+23   1.1000e-10   5.0000e-01
1.0000e+25   1.0000e-10   5.0000e-01
