1.0340e+20   1.0000e+00   2.1310e-06
1.1170e+20   1.0000e+00   2.0370e-06
1.2300e+20   1.0000e+00   1.9530e-06
1.3290e+20   1.0000e+00   1.8910e-06
1.4360e+20   1.0000e+00   1.8390e-06
1.5510e+20   1.0000e+00   1.7560e-06
1.6760e+20   1.0000e+00   1.7000e-06
1.8100e+20   1.0000e+00   1.6380e-06
1.9940e+20   1.0000e+00   1.5990e-06
2.1960e+20   1.0000e+00   1.5460e-06
2.4190e+20   1.0000e+00   1.4860e-06
2.6640e+20   1.0000e+00   1.4420e-06
2.8780e+20   1.0000e+00   1.4130e-06
3.1100e+20   1.0000e+00   1.3650e-06
3.3600e+20   1.0000e+00   1.3530e-06
3.6300e+20   1.0000e+00   1.3240e-06
3.9540e+20   1.0000e+00   1.3060e-06
4.3110e+20   1.0000e+00   1.2920e-06
4.6660e+20   1.0000e+00   1.2890e-06
5.0410e+20   1.0000e+00   1.2890e-06
5.4460e+20   1.0000e+00   1.2920e-06
5.8830e+20   1.0000e+00   1.3110e-06
6.4200e+20   1.0000e+00   1.3450e-06
7.0010e+20   1.0000e+00   1.4130e-06
7.7110e+20   1.0000e+00   1.5440e-06
8.3310e+20   1.0000e+00   1.7420e-06
8.6740e+20   1.0000e+00   2.1630e-06
9.1220e+20   9.9999e-01   2.5340e-06
9.4710e+20   9.9999e-01   3.2730e-06
9.5900e+20   9.9999e-01   3.9230e-06
9.6200e+20   9.9999e-01   4.7090e-06
9.6440e+20   9.9999e-01   5.6440e-06
9.6610e+20   9.9999e-01   6.7660e-06
9.6730e+20   9.9998e-01   8.4233e-06
9.6850e+20   9.9998e-01   1.0487e-05
9.6971e+20   9.9997e-01   1.3055e-05
9.7091e+20   9.9997e-01   1.6253e-05
9.7211e+20   9.9996e-01   2.0234e-05
9.7331e+20   9.9995e-01   2.5191e-05
9.7451e+20   9.9994e-01   3.1361e-05
9.7572e+20   9.9992e-01   3.9043e-05
9.7692e+20   9.9990e-01   4.8607e-05
9.7812e+20   9.9988e-01   6.0513e-05
9.7932e+20   9.9985e-01   7.5335e-05
9.8052e+20   9.9981e-01   9.3789e-05
9.8173e+20   9.9977e-01   1.1676e-04
9.8293e+20   9.9971e-01   1.4536e-04
9.8413e+20   9.9964e-01   1.8097e-04
9.8533e+20   9.9955e-01   2.2530e-04
9.8653e+20   9.9944e-01   2.8048e-04
9.8774e+20   9.9930e-01   3.4919e-04
9.8894e+20   9.9913e-01   4.3472e-04
9.9014e+20   9.9892e-01   5.4121e-04
9.9134e+20   9.9865e-01   6.7378e-04
9.9254e+20   9.9832e-01   8.3882e-04
9.9375e+20   9.9791e-01   1.0443e-03
9.9495e+20   9.9740e-01   1.3001e-03
9.9615e+20   9.9676e-01   1.6185e-03
9.9735e+20   9.9597e-01   2.0150e-03
9.9856e+20   9.9498e-01   2.5086e-03
9.9976e+20   9.9375e-01   3.1230e-03
1.0010e+21   9.9222e-01   3.8880e-03
1.0022e+21   9.9032e-01   4.8404e-03
1.0034e+21   9.8795e-01   6.0260e-03
1.0046e+21   9.8500e-01   7.5021e-03
1.0058e+21   9.8132e-01   9.3397e-03
1.0070e+21   9.7674e-01   1.1628e-02
1.0082e+21   9.7105e-01   1.4476e-02
1.0094e+21   9.6396e-01   1.8021e-02
1.0106e+21   9.5513e-01   2.2436e-02
1.0118e+21   9.4414e-01   2.7931e-02
1.0130e+21   9.3045e-01   3.4773e-02
1.0142e+21   9.1342e-01   4.3291e-02
1.0154e+21   8.9221e-01   5.3895e-02
1.0166e+21   8.6581e-01   6.7096e-02
1.0178e+21   8.3294e-01   8.3532e-02
1.0190e+21   7.9201e-01   1.0399e-01
1.0202e+21   7.4107e-01   1.2947e-01
1.0214e+21   6.7764e-01   1.6118e-01
1.0226e+21   5.9868e-01   2.0066e-01
1.0238e+21   5.0038e-01   2.4981e-01
1.0250e+21   3.7800e-01   3.1100e-01
1.0980e+21   1.5600e-01   4.2200e-01
1.3170e+21   1.0500e-01   4.4750e-01
1.5590e+21   7.1000e-02   4.6450e-01
1.8780e+21   4.9000e-02   4.7550e-01
2.2740e+21   3.4000e-02   4.8300e-01
2.7090e+21   2.4000e-02   4.8800e-01
3.2310e+21   1.7000e-02   4.9150e-01
3.8740e+21   1.2000e-02   4.9400e-01
4.5420e+21   8.0000e-03   4.9600e-01
5.3660e+21   5.0000e-03   4.9750e-01
6.3160e+21   3.0000e-03   4.9850e-01
7.4370e+21   2.0000e-03   4.9900e-01
8.8180e+21   1.5000e-03   4.9925e-01
1.0450e+22   1.0000e-03   4.9950e-01
1.2240e+22   6.7700e-04   4.9966e-01
1.4320e+22   4.5580e-04   4.9977e-01
1.7060e+22   2.9050e-04   4.9985e-01
1.9680e+22   1.9150e-04   4.9990e-01
2.2750e+22   1.2290e-04   4.9994e-01
2.6500e+22   8.0570e-05   4.9996e-01
3.0580e+22   5.1950e-05   4.9997e-01
3.5230e+22   3.3300e-05   4.9998e-01
4.0560e+22   2.0700e-05   4.9999e-01
4.6690e+22   1.3200e-05   4.9999e-01
5.3570e+22   8.3290e-06   5.0000e-01
6.1750e+22   5.3270e-06   5.0000e-01
7.0480e+22   3.3810e-06   5.0000e-01
8.1100e+22   2.1530e-06   5.0000e-01
9.2630e+22   1.3350e-06   5.0000e-01
1.0540e+23   8.2540e-07   5.0000e-01
1.2020e+23   5.1960e-07   5.0000e-01
1.3630e+23   3.2530e-07   5.0000e-01
1.5370e+23   2.0160e-07   5.0000e-01
1.7480e+23   1.2530e-07   5.0000e-01
1.9750e+23   7.8730e-08   5.0000e-01
2.2380e+23   4.8360e-08   5.0000e-01
2.5220e+23   2.9980e-08   5.0000e-01
2.8400e+23   1.8290e-08   5.0000e-01
3.1570e+23   1.1230e-08   5.0000e-01
3.5410e+23   6.7770e-09   5.0000e-01
3.9530e+23   4.1810e-09   5.0000e-01
4.4230e+23   2.5000e-09   5.0000e-01
4.8580e+23   1.5600e-09   5.0000e-01
