1.0250e+20   1.0000e+00   9.2200e-07
1.1390e+20   1.0000e+00   8.5360e-07
1.2300e+20   1.0000e+00   8.1840e-07
1.3290e+20   1.0000e+00   7.6640e-07
1.4640e+20   1.0000e+00   7.4050e-07
1.5810e+20   1.0000e+00   7.0140e-07
1.7420e+20   1.0000e+00   6.8260e-07
1.9180e+20   1.0000e+00   6.5010e-07
2.1130e+20   1.0000e+00   6.2210e-07
2.2830e+20   1.0000e+00   5.9430e-07
2.4660e+20   1.0000e+00   5.7600e-07
2.6640e+20   1.0000e+00   5.4990e-07
2.9350e+20   1.0000e+00   5.4140e-07
3.1700e+20   1.0000e+00   5.2170e-07
3.4250e+20   1.0000e+00   5.0400e-07
3.7000e+20   1.0000e+00   4.9700e-07
4.0760e+20   1.0000e+00   4.8250e-07
4.4890e+20   1.0000e+00   4.7650e-07
4.9440e+20   1.0000e+00   4.6190e-07
5.3420e+20   1.0000e+00   4.5820e-07
5.8550e+20   1.0000e+00   4.5320e-07
6.3560e+20   1.0000e+00   4.5320e-07
6.8670e+20   1.0000e+00   4.5330e-07
7.5630e+20   1.0000e+00   4.5520e-07
8.1710e+20   1.0000e+00   4.6090e-07
9.0000e+20   1.0000e+00   4.8140e-07
9.7230e+20   1.0000e+00   5.2670e-07
1.0420e+21   1.0000e+00   5.7450e-07
1.1070e+21   1.0000e+00   6.5180e-07
1.1690e+21   1.0000e+00   7.9950e-07
1.2150e+21   1.0000e+00   9.5700e-07
1.2420e+21   1.0000e+00   1.1560e-06
1.2590e+21   1.0000e+00   1.3860e-06
1.2630e+21   1.0000e+00   1.6610e-06
1.2830e+21   1.0000e+00   2.0050e-06
1.2970e+21   1.0000e+00   2.3870e-06
1.3320e+21   9.9999e-01   2.8610e-06
1.3420e+21   9.9999e-01   3.5880e-06
1.3590e+21   9.9999e-01   4.3010e-06
1.3618e+21   9.9999e-01   5.3841e-06
1.3646e+21   9.9999e-01   6.7400e-06
1.3673e+21   9.9998e-01   8.4373e-06
1.3701e+21   9.9998e-01   1.0562e-05
1.3729e+21   9.9997e-01   1.3222e-05
1.3757e+21   9.9997e-01   1.6552e-05
1.3784e+21   9.9996e-01   2.0720e-05
1.3812e+21   9.9995e-01   2.5938e-05
1.3840e+21   9.9994e-01   3.2470e-05
1.3868e+21   9.9992e-01   4.0647e-05
1.3895e+21   9.9990e-01   5.0883e-05
1.3923e+21   9.9987e-01   6.3697e-05
1.3951e+21   9.9984e-01   7.9737e-05
1.3979e+21   9.9980e-01   9.9817e-05
1.4006e+21   9.9975e-01   1.2495e-04
1.4034e+21   9.9969e-01   1.5642e-04
1.4062e+21   9.9961e-01   1.9581e-04
1.4090e+21   9.9951e-01   2.4513e-04
1.4117e+21   9.9939e-01   3.0686e-04
1.4145e+21   9.9923e-01   3.8413e-04
1.4173e+21   9.9904e-01   4.8087e-04
1.4201e+21   9.9880e-01   6.0196e-04
1.4228e+21   9.9849e-01   7.5356e-04
1.4256e+21   9.9811e-01   9.4333e-04
1.4284e+21   9.9764e-01   1.1809e-03
1.4312e+21   9.9704e-01   1.4783e-03
1.4339e+21   9.9630e-01   1.8505e-03
1.4367e+21   9.9537e-01   2.3166e-03
1.4395e+21   9.9420e-01   2.8999e-03
1.4423e+21   9.9274e-01   3.6302e-03
1.4450e+21   9.9091e-01   4.5444e-03
1.4478e+21   9.8862e-01   5.6889e-03
1.4506e+21   9.8576e-01   7.1215e-03
1.4534e+21   9.8217e-01   8.9149e-03
1.4561e+21   9.7768e-01   1.1160e-02
1.4589e+21   9.7206e-01   1.3970e-02
1.4617e+21   9.6502e-01   1.7489e-02
1.4645e+21   9.5621e-01   2.1893e-02
1.4672e+21   9.4519e-01   2.7406e-02
1.4700e+21   9.3138e-01   3.4308e-02
1.4728e+21   9.1411e-01   4.2947e-02
1.4756e+21   8.9247e-01   5.3763e-02
1.4783e+21   8.6540e-01   6.7302e-02
1.4811e+21   8.3150e-01   8.4250e-02
1.4839e+21   7.8907e-01   1.0547e-01
1.4867e+21   7.3595e-01   1.3203e-01
1.4894e+21   6.6945e-01   1.6528e-01
1.4922e+21   5.8621e-01   2.0690e-01
1.4950e+21   4.8200e-01   2.5900e-01
1.4970e+21   3.5000e-01   3.2500e-01
1.5640e+21   2.3400e-01   3.8300e-01
1.6900e+21   2.1400e-01   3.9300e-01
2.0220e+21   1.4500e-01   4.2750e-01
2.4150e+21   9.7000e-02   4.5150e-01
2.8530e+21   6.7000e-02   4.6650e-01
3.3960e+21   4.6000e-02   4.7700e-01
4.0480e+21   3.1000e-02   4.8450e-01
4.8540e+21   2.2000e-02   4.8900e-01
5.7570e+21   1.5000e-02   4.9250e-01
6.9050e+21   1.0000e-02   4.9500e-01
8.2190e+21   7.0000e-03   4.9650e-01
9.7610e+21   5.0000e-03   4.9750e-01
1.1620e+22   3.0000e-03   4.9850e-01
1.3840e+22   2.0000e-03   4.9900e-01
1.6320e+22   1.4000e-03   4.9950e-01
1.9270e+22   9.7540e-04   4.9951e-01
2.2620e+22   6.4980e-04   4.9968e-01
2.6620e+22   4.2790e-04   4.9979e-01
3.0990e+22   2.8060e-04   4.9986e-01
3.6200e+22   1.8150e-04   4.9991e-01
4.1870e+22   1.1940e-04   4.9994e-01
4.8730e+22   7.4740e-05   4.9996e-01
5.5840e+22   4.8540e-05   4.9998e-01
6.4140e+22   3.0980e-05   4.9998e-01
7.3670e+22   1.9330e-05   4.9999e-01
8.4850e+22   1.2430e-05   4.9999e-01
9.7480e+22   7.7930e-06   5.0000e-01
1.1110e+23   4.9960e-06   5.0000e-01
1.2770e+23   3.1130e-06   5.0000e-01
1.4530e+23   1.9620e-06   5.0000e-01
1.6620e+23   1.2170e-06   5.0000e-01
1.9040e+23   7.5600e-07   5.0000e-01
2.1520e+23   4.8490e-07   5.0000e-01
2.4330e+23   2.9890e-07   5.0000e-01
2.7670e+23   1.8430e-07   5.0000e-01
3.1080e+23   1.1370e-07   5.0000e-01
3.5160e+23   7.0580e-08   5.0000e-01
3.9380e+23   4.2730e-08   5.0000e-01
4.4180e+23   2.6800e-08   5.0000e-01
4.9790e+23   1.5970e-08   5.0000e-01
5.5210e+23   9.7700e-09   5.0000e-01
6.1040e+23   5.9290e-09   5.0000e-01
6.7750e+23   3.6170e-09   5.0000e-01
7.5800e+23   2.1850e-09   5.0000e-01
8.4180e+23   1.3080e-09   5.0000e-01
